clingo version 5.7.1
Reading from encodings/mapf/mapf.lp ...
Solving...
Answer: 1
at(3,start(3),0) at(4,start(4),0) at(5,start(5),0) at(6,start(6),0) at(6,start(6),1) at(5,start(5),1) at(4,start(4),1) at(3,start(3),1) at(3,start(3),2) at(4,start(4),2) at(5,start(5),2) at(6,start(6),2) at(6,start(6),3) at(5,start(5),3) at(4,start(4),3) at(3,start(3),3) at(3,start(3),4) at(4,start(4),4) at(5,start(5),4) at(6,start(6),4) at(6,start(6),5) at(5,start(5),5) at(4,start(4),5) at(3,start(3),5) at(3,start(3),6) at(4,start(4),6) at(5,start(5),6) at(6,start(6),6) at(6,start(6),7) at(5,start(5),7) at(4,start(4),7) at(4,start(4),8) at(5,start(5),8) at(6,start(6),8) at(6,start(6),9) at(5,start(5),9) at(4,start(4),9) at(4,start(4),10) at(5,start(5),10) at(6,start(6),10) at(6,start(6),11) at(5,start(5),11) at(4,start(4),11) at(4,start(4),12) at(5,start(5),12) at(6,start(6),12) at(6,start(6),13) at(4,start(4),13) at(4,start(4),14) at(6,start(6),14) at(6,start(6),15) at(4,start(4),15) at(4,start(4),16) at(6,start(6),16) at(6,start(6),17) at(4,start(4),17) at(4,start(4),18) at(6,start(6),18) at(6,start(6),19) at(4,start(4),19) at(4,start(4),20) at(6,start(6),20) at(6,start(6),21) at(4,start(4),21) at(4,start(4),22) at(6,start(6),22) at(6,start(6),23) at(4,start(4),23) at(4,start(4),24) at(6,start(6),24) at(6,start(6),25) at(4,start(4),25) at(4,start(4),26) at(6,start(6),26) at(6,start(6),27) at(4,start(4),27) at(4,start(4),28) at(6,start(6),28) at(6,start(6),29) at(4,start(4),29) at(4,start(4),30) at(6,start(6),30) at(4,start(4),31) at(4,start(4),32) at(4,start(4),33) at(4,start(4),34) at(4,start(4),35) at(4,start(4),36) at(4,start(4),37) at(4,start(4),38) at(4,start(4),39) at(4,start(4),40) at(4,start(4),41) at(4,start(4),42) at(4,start(4),43) at(4,start(4),44) at(4,start(4),45) at(4,start(4),46) at(4,start(4),47) at(4,start(4),48) at(4,start(4),49) at(4,start(4),50) at(4,start(4),51) at(4,start(4),52) at(4,start(4),53) at(4,start(4),54) at(4,start(4),55) at(4,start(4),56) at(4,start(4),57) at(4,start(4),58) at(4,start(4),59) at(4,start(4),60) at(4,start(4),61) at(4,start(4),62) at(4,start(4),63) at(4,start(4),64) at(4,start(4),65) at(4,start(4),66) at(4,start(4),67) at(4,start(4),68) at(4,start(4),69) at(4,start(4),70) at(4,start(4),71) at(4,start(4),72) at(4,start(4),73) at(4,start(4),74) at(4,start(4),75) at(4,start(4),76) at(4,start(4),77) at(4,start(4),78) at(4,start(4),79) at(4,start(4),80) at(4,start(4),81) at(4,start(4),82) at(4,start(4),83) at(4,start(4),84) at(4,start(4),85) at(4,start(4),86) at(4,start(4),87) at(4,start(4),88) at(4,start(4),89) at(4,start(4),90) at(4,start(4),91) at(4,start(4),92) at(4,start(4),93) at(4,start(4),94) at(4,start(4),95) at(4,start(4),96) at(4,start(4),97) at(4,start(4),98) at(4,start(4),99) at(4,start(4),100) at(4,start(4),101) at(4,start(4),102) at(4,start(4),103) at(4,start(4),104) at(4,start(4),105) at(4,start(4),106) at(4,start(4),107) at(4,start(4),108) at(4,start(4),109) at(4,start(4),110) at(4,start(4),111) at(4,start(4),112) at(4,start(4),113) at(4,start(4),114) at(4,start(4),115) at(4,start(4),116) at(4,start(4),117) at(4,start(4),118) at(4,start(4),119) at(5,(10,7),13) at(5,(9,7),14) at(5,(8,7),15) at(3,(10,7),16) at(5,(7,7),16) at(3,(9,7),17) at(5,(6,7),17) at(3,(9,7),18) at(5,(5,7),18) at(3,(8,7),19) at(5,(5,8),19) at(3,(8,7),20) at(5,(5,9),20) at(3,(8,7),21) at(5,(5,10),21) at(3,(8,7),22) at(5,(5,11),22) at(3,(8,7),23) at(5,(5,12),23) at(3,(8,8),24) at(5,(6,12),24) at(3,(7,8),25) at(5,(7,12),25) at(3,(7,7),26) at(5,(8,12),26) at(3,(6,7),27) at(5,(8,12),27) at(3,(5,7),28) at(5,(8,12),28) at(3,(5,7),29) at(5,(9,12),29) at(3,(5,8),30) at(5,(10,12),30) at(3,(5,8),31) at(5,(11,12),31) at(6,(10,7),31) at(3,(5,8),32) at(5,(12,12),32) at(6,(9,7),32) at(3,(5,9),33) at(5,(13,12),33) at(6,(8,7),33) at(3,(5,9),34) at(5,(14,12),34) at(6,(8,7),34) at(3,(5,9),35) at(5,(15,12),35) at(6,(8,7),35) at(3,(5,9),36) at(5,(16,12),36) at(6,(7,7),36) at(3,(5,9),37) at(5,(16,12),37) at(6,(6,7),37) at(3,(5,9),38) at(5,(16,12),38) at(6,(5,7),38) at(3,(5,9),39) at(5,(16,12),39) at(6,(5,7),39) at(3,(5,10),40) at(5,(17,12),40) at(6,(5,7),40) at(3,(5,11),41) at(5,(18,12),41) at(6,(5,7),41) at(3,(5,12),42) at(5,(19,12),42) at(6,(5,7),42) at(3,(6,12),43) at(5,(20,12),43) at(6,(5,8),43) at(3,(7,12),44) at(5,(21,12),44) at(6,(5,9),44) at(3,(8,12),45) at(5,(21,13),45) at(6,(5,10),45) at(3,(9,12),46) at(5,(22,13),46) at(6,(5,11),46) at(3,(10,12),47) at(5,(22,12),47) at(6,(5,12),47) at(3,(11,12),48) at(5,(23,12),48) at(6,(6,12),48) at(3,(12,12),49) at(5,(24,12),49) at(6,(6,12),49) at(3,(13,12),50) at(5,(25,12),50) at(6,(6,12),50) at(3,(14,12),51) at(5,(26,12),51) at(6,(6,12),51) at(3,(15,12),52) at(5,(26,13),52) at(6,(7,12),52) at(3,(16,12),53) at(5,(27,13),53) at(6,(7,12),53) at(3,(17,12),54) at(5,(27,12),54) at(6,(8,12),54) at(3,(17,12),55) at(5,(27,12),55) at(6,(9,12),55) at(3,(17,12),56) at(5,(27,12),56) at(6,(10,12),56) at(3,(17,12),57) at(5,(28,12),57) at(6,(11,12),57) at(3,(17,12),58) at(5,(29,12),58) at(6,(12,12),58) at(3,(17,12),59) at(5,(29,11),59) at(6,(13,12),59) at(3,(17,12),60) at(5,(29,10),60) at(6,(14,12),60) at(3,(17,12),61) at(5,(29,10),61) at(6,(15,12),61) at(3,(17,12),62) at(5,(29,10),62) at(6,(16,12),62) at(3,(17,12),63) at(5,(29,10),63) at(6,(16,12),63) at(3,(18,12),64) at(5,(29,10),64) at(6,(17,12),64) at(3,(19,12),65) at(5,(29,9),65) at(6,(18,12),65) at(3,(19,12),66) at(5,(29,9),66) at(6,(18,12),66) at(3,(20,12),67) at(5,(29,8),67) at(6,(18,12),67) at(3,(21,12),68) at(5,(29,8),68) at(6,(19,12),68) at(3,(21,13),69) at(5,(29,8),69) at(6,(19,12),69) at(3,(21,13),70) at(5,(29,7),70) at(6,(19,12),70) at(3,(21,13),71) at(5,(29,7),71) at(6,(20,12),71) at(3,(21,13),72) at(5,(29,7),72) at(6,(20,12),72) at(3,(22,13),73) at(5,(29,7),73) at(6,(20,12),73) at(3,(23,13),74) at(5,(29,7),74) at(6,(21,12),74) at(3,(24,13),75) at(5,(29,7),75) at(6,(21,12),75) at(3,goal(3),76) at(5,(28,7),76) at(6,(21,12),76) at(3,goal(3),77) at(5,(28,7),77) at(6,(21,12),77) at(3,goal(3),78) at(5,(27,7),78) at(6,(21,12),78) at(3,goal(3),79) at(5,(27,7),79) at(6,(21,12),79) at(3,goal(3),80) at(5,(27,7),80) at(6,(22,12),80) at(3,goal(3),81) at(5,(27,7),81) at(6,(23,12),81) at(3,goal(3),82) at(5,(27,7),82) at(6,(23,12),82) at(3,goal(3),83) at(5,(27,7),83) at(6,(23,12),83) at(3,goal(3),84) at(5,(26,7),84) at(6,(23,12),84) at(3,goal(3),85) at(5,(25,7),85) at(6,(24,12),85) at(3,goal(3),86) at(5,(24,7),86) at(6,(25,12),86) at(3,goal(3),87) at(5,(23,7),87) at(6,(26,12),87) at(3,goal(3),88) at(5,(22,7),88) at(6,(27,12),88) at(3,goal(3),89) at(5,(22,7),89) at(6,(28,12),89) at(3,goal(3),90) at(5,(22,7),90) at(6,(29,12),90) at(3,goal(3),91) at(5,(21,7),91) at(6,(29,11),91) at(3,goal(3),92) at(5,(21,7),92) at(6,(29,10),92) at(3,goal(3),93) at(5,(21,7),93) at(6,(29,9),93) at(3,goal(3),94) at(5,(20,7),94) at(6,(29,8),94) at(3,goal(3),95) at(5,(20,7),95) at(6,(29,7),95) at(3,goal(3),96) at(5,(20,7),96) at(6,(28,7),96) at(3,goal(3),97) at(5,(20,7),97) at(6,(27,7),97) at(3,goal(3),98) at(5,(20,7),98) at(6,(26,7),98) at(3,goal(3),99) at(5,(20,7),99) at(6,(25,7),99) at(3,goal(3),100) at(5,(20,7),100) at(6,(25,7),100) at(3,goal(3),101) at(5,(20,7),101) at(6,(25,7),101) at(3,goal(3),102) at(5,(20,7),102) at(6,(24,7),102) at(3,goal(3),103) at(5,(20,7),103) at(6,(24,7),103) at(3,goal(3),104) at(5,(20,7),104) at(6,(24,7),104) at(3,goal(3),105) at(5,(20,7),105) at(6,(23,7),105) at(3,goal(3),106) at(5,(20,7),106) at(6,(22,7),106) at(3,goal(3),107) at(5,(20,7),107) at(6,(21,7),107) at(3,goal(3),108) at(5,(20,7),108) at(6,(21,7),108) at(3,goal(3),109) at(5,(20,7),109) at(6,(21,7),109) at(3,goal(3),110) at(5,(20,7),110) at(6,(21,7),110) at(3,goal(3),111) at(5,(20,7),111) at(6,(21,7),111) at(3,goal(3),112) at(5,(20,7),112) at(6,(21,7),112) at(3,goal(3),113) at(5,(20,7),113) at(6,(21,7),113) at(3,goal(3),114) at(5,(19,7),114) at(6,(21,7),114) at(3,goal(3),115) at(5,(19,7),115) at(6,(21,7),115) at(3,goal(3),116) at(5,(18,7),116) at(6,(20,7),116) at(3,goal(3),117) at(5,(17,7),117) at(6,(19,7),117) at(3,goal(3),118) at(5,(17,7),118) at(6,(18,7),118) at(3,goal(3),119) at(5,(16,7),119) at(6,(17,7),119) at(3,goal(3),120) at(5,(15,7),120) at(6,(16,7),120) at(3,goal(3),121) at(5,(14,7),121) at(6,(16,7),121) at(3,goal(3),122) at(4,(24,12),122) at(5,(13,7),122) at(6,(16,7),122) at(3,goal(3),123) at(4,(24,12),123) at(5,(12,7),123) at(6,(16,7),123) at(3,goal(3),124) at(4,(24,12),124) at(5,(11,7),124) at(6,(16,7),124) at(3,goal(3),125) at(4,(24,12),125) at(5,(11,7),125) at(6,(16,7),125) at(3,goal(3),126) at(4,(24,12),126) at(5,(11,7),126) at(6,(16,7),126) at(3,goal(3),127) at(4,(24,12),127) at(5,(11,7),127) at(6,(16,7),127) at(3,goal(3),128) at(4,(25,12),128) at(5,(11,7),128) at(6,(16,7),128) at(3,goal(3),129) at(4,(25,12),129) at(5,(11,7),129) at(6,(16,7),129) at(3,goal(3),130) at(4,(25,12),130) at(5,(11,7),130) at(6,(16,7),130) at(3,goal(3),131) at(4,(26,12),131) at(5,(11,7),131) at(6,(16,7),131) at(3,goal(3),132) at(4,(26,12),132) at(5,(11,7),132) at(6,(15,7),132) at(3,goal(3),133) at(4,(26,13),133) at(5,(10,7),133) at(6,(15,7),133) at(3,goal(3),134) at(4,(26,13),134) at(5,(9,7),134) at(6,(15,7),134) at(3,goal(3),135) at(4,(26,13),135) at(5,(8,7),135) at(6,(15,7),135) at(3,goal(3),136) at(4,(26,13),136) at(5,(8,7),136) at(6,(15,7),136) at(3,goal(3),137) at(4,(26,13),137) at(5,(8,7),137) at(6,(15,7),137) at(3,goal(3),138) at(4,(27,13),138) at(5,(8,7),138) at(6,(15,7),138) at(3,goal(3),139) at(4,(27,13),139) at(5,(8,7),139) at(6,(14,7),139) at(3,goal(3),140) at(4,(27,12),140) at(5,(8,7),140) at(6,(13,7),140) at(3,goal(3),141) at(4,(27,12),141) at(5,(8,7),141) at(6,(13,8),141) at(3,goal(3),142) at(4,(27,12),142) at(5,(8,7),142) at(6,(12,8),142) at(3,goal(3),143) at(4,(27,12),143) at(5,(8,7),143) at(6,(11,8),143) at(3,goal(3),144) at(4,(28,12),144) at(5,(8,7),144) at(6,(10,8),144) at(3,goal(3),145) at(4,(28,12),145) at(5,(8,7),145) at(6,(9,8),145) at(3,goal(3),146) at(4,(28,12),146) at(5,(8,7),146) at(6,(8,8),146) at(3,goal(3),147) at(4,(28,12),147) at(5,(8,8),147) at(6,(7,8),147) at(3,goal(3),148) at(4,(28,12),148) at(5,(8,8),148) at(6,(7,8),148) at(3,goal(3),149) at(4,(29,12),149) at(5,(8,8),149) at(6,(7,8),149) at(3,goal(3),150) at(4,(29,12),150) at(5,(8,8),150) at(6,(7,8),150) at(3,goal(3),151) at(4,(29,12),151) at(5,(8,8),151) at(6,(7,8),151) at(3,goal(3),152) at(4,(29,12),152) at(5,(7,8),152) at(6,(7,7),152) at(3,goal(3),153) at(4,(29,12),153) at(5,(7,8),153) at(6,(6,7),153) at(3,goal(3),154) at(4,(29,12),154) at(5,(7,8),154) at(6,(5,7),154) at(3,goal(3),155) at(4,(29,12),155) at(5,(7,8),155) at(6,(5,8),155) at(3,goal(3),156) at(4,(29,11),156) at(5,(7,7),156) at(6,(5,8),156) at(3,goal(3),157) at(4,(29,10),157) at(5,(7,7),157) at(6,(5,8),157) at(3,goal(3),158) at(4,(29,10),158) at(5,(6,7),158) at(6,(5,9),158) at(3,goal(3),159) at(4,(29,9),159) at(5,(5,7),159) at(6,(5,10),159) at(3,goal(3),160) at(4,(29,9),160) at(5,(5,8),160) at(6,(5,10),160) at(3,goal(3),161) at(4,(29,9),161) at(5,(5,9),161) at(6,(5,11),161) at(3,goal(3),162) at(4,(29,8),162) at(5,(5,10),162) at(6,(5,12),162) at(3,goal(3),163) at(4,(29,7),163) at(5,(5,11),163) at(6,(6,12),163) at(3,goal(3),164) at(4,(28,7),164) at(5,(5,12),164) at(6,(7,12),164) at(3,goal(3),165) at(4,(28,7),165) at(5,(5,12),165) at(6,(7,12),165) at(3,goal(3),166) at(4,(28,7),166) at(5,(6,12),166) at(6,(7,12),166) at(3,goal(3),167) at(4,(27,7),167) at(5,(6,12),167) at(6,(7,12),167) at(3,goal(3),168) at(4,(27,7),168) at(5,(6,12),168) at(6,(8,12),168) at(3,goal(3),169) at(4,(26,7),169) at(5,(7,12),169) at(6,(9,12),169) at(3,goal(3),170) at(4,(26,7),170) at(5,(8,12),170) at(6,(10,12),170) at(3,goal(3),171) at(4,(26,7),171) at(5,(9,12),171) at(6,(10,12),171) at(3,goal(3),172) at(4,(25,7),172) at(5,(10,12),172) at(6,(11,12),172) at(3,goal(3),173) at(4,(24,7),173) at(5,(11,12),173) at(6,(12,12),173) at(3,goal(3),174) at(4,(24,7),174) at(5,(12,12),174) at(6,(13,12),174) at(3,goal(3),175) at(4,(23,7),175) at(5,(13,12),175) at(6,(14,12),175) at(3,goal(3),176) at(4,(22,7),176) at(5,(14,12),176) at(6,(15,12),176) at(3,goal(3),177) at(4,(21,7),177) at(5,(15,12),177) at(6,(16,12),177) at(3,goal(3),178) at(4,(20,7),178) at(5,(16,12),178) at(6,(17,12),178) at(3,goal(3),179) at(4,(19,7),179) at(5,(17,12),179) at(6,(18,12),179) at(3,goal(3),180) at(4,(18,7),180) at(5,(17,12),180) at(6,(19,12),180) at(3,goal(3),181) at(4,(17,7),181) at(5,(18,12),181) at(6,(20,12),181) at(3,goal(3),182) at(4,(16,7),182) at(5,(19,12),182) at(6,(21,12),182) at(3,goal(3),183) at(4,(15,7),183) at(5,(20,12),183) at(6,(21,13),183) at(3,goal(3),184) at(4,(14,7),184) at(5,(21,12),184) at(6,(21,13),184) at(3,goal(3),185) at(4,(13,7),185) at(5,(21,12),185) at(6,(21,13),185) at(3,goal(3),186) at(4,(13,8),186) at(5,(21,13),186) at(6,(22,13),186) at(3,goal(3),187) at(4,(12,8),187) at(5,(22,13),187) at(6,(23,13),187) at(3,goal(3),188) at(4,(11,8),188) at(5,(23,13),188) at(6,(24,13),188) at(3,goal(3),189) at(4,(10,8),189) at(5,(24,13),189) at(6,goal(6),189) at(3,goal(3),190) at(4,goal(4),190) at(5,goal(5),190) at(6,goal(6),190) at(3,start(3),7) at(3,start(3),8) at(3,start(3),9) at(3,start(3),10) at(3,start(3),11) at(3,start(3),12) at(3,start(3),13) at(3,start(3),14) at(3,start(3),15) at(4,start(4),120) at(4,start(4),121)
SATISFIABLE

Models       : 1+
Calls        : 1
Time         : 53.420s (Solving: 50.53s 1st Model: 50.53s Unsat: 0.00s)
CPU Time     : 53.416s

Choices      : 2938947 
Conflicts    : 172028   (Analyzed: 172028)
Restarts     : 442      (Average: 389.20 Last: 628)
Model-Level  : 2331.0  
Problems     : 1        (Average Length: 0.00 Splits: 0)
Lemmas       : 172028   (Deleted: 141555)
  Binary     : 696      (Ratio:   0.40%)
  Ternary    : 8758     (Ratio:   5.09%)
  Conflict   : 172028   (Average Length:  164.7 Ratio: 100.00%) 
  Loop       : 0        (Average Length:    0.0 Ratio:   0.00%) 
  Other      : 0        (Average Length:    0.0 Ratio:   0.00%) 
Backjumps    : 172028   (Average: 15.52 Max: 4243 Sum: 2670370)
  Executed   : 172028   (Average: 15.52 Max: 4243 Sum: 2670370 Ratio: 100.00%)
  Bounded    : 0        (Average:  0.00 Max:   0 Sum:      0 Ratio:   0.00%)

Rules        : 1467520  (Original: 1271776)
  Choice     : 760     
Atoms        : 532355   (Original: 517457 Auxiliary: 14898)
Bodies       : 735441   (Original: 557697)
  Count      : 1442     (Original: 20710)
Equivalences : 577566   (Atom=Atom: 7541 Body=Body: 5707 Other: 564318)
Tight        : Yes
Variables    : 497605   (Eliminated:    0 Frozen: 177960)
Constraints  : 1341059  (Binary:  77.4% Ternary:  17.6% Other:   5.0%)

